{
  "n": 2034,
  "genel_dagilim": {
    "A": 0.1927236971484759,
    "B": 0.204031465093412,
    "C": 0.20501474926253688,
    "D": 0.20993117010816126,
    "E": 0.18829891838741397
  },
  "ders_dagilim": {
    "Sosyal2": {
      "A": 0.1956521739130435,
      "B": 0.21428571428571427,
      "C": 0.1956521739130435,
      "D": 0.21739130434782608,
      "E": 0.17701863354037267
    },
    "Matematik": {
      "A": 0.18783542039355994,
      "B": 0.21645796064400716,
      "C": 0.20930232558139536,
      "D": 0.2075134168157424,
      "E": 0.17889087656529518
    },
    "Fen": {
      "A": 0.18571428571428572,
      "B": 0.2,
      "C": 0.1976190476190476,
      "D": 0.21904761904761905,
      "E": 0.1976190476190476
    },
    "Edebiyat-Sosyal1": {
      "A": 0.22142857142857142,
      "B": 0.16428571428571428,
      "C": 0.23214285714285715,
      "D": 0.18928571428571428,
      "E": 0.19285714285714287
    },
    "Sosyal": {
      "A": 0.1724137931034483,
      "B": 0.21264367816091953,
      "C": 0.20689655172413793,
      "D": 0.20114942528735633,
      "E": 0.20689655172413793
    },
    "Türkçe": {
      "A": 0.1935483870967742,
      "B": 0.2078853046594982,
      "C": 0.18996415770609318,
      "D": 0.21863799283154123,
      "E": 0.18996415770609318
    }
  },
  "yil_dagilim": {
    "2018": {
      "A": 0.20618556701030927,
      "B": 0.18556701030927836,
      "C": 0.19931271477663232,
      "D": 0.22336769759450173,
      "E": 0.18556701030927836
    },
    "2019": {
      "A": 0.17708333333333334,
      "B": 0.2013888888888889,
      "C": 0.21875,
      "D": 0.2048611111111111,
      "E": 0.19791666666666666
    },
    "2020": {
      "A": 0.17525773195876287,
      "B": 0.18900343642611683,
      "C": 0.2268041237113402,
      "D": 0.20962199312714777,
      "E": 0.19931271477663232
    },
    "2021": {
      "A": 0.2027491408934708,
      "B": 0.20618556701030927,
      "C": 0.18900343642611683,
      "D": 0.21993127147766323,
      "E": 0.18213058419243985
    },
    "2022": {
      "A": 0.19931271477663232,
      "B": 0.20962199312714777,
      "C": 0.2027491408934708,
      "D": 0.20618556701030927,
      "E": 0.18213058419243985
    },
    "2023": {
      "A": 0.18900343642611683,
      "B": 0.21649484536082475,
      "C": 0.20618556701030927,
      "D": 0.20618556701030927,
      "E": 0.18213058419243985
    },
    "2024": {
      "A": 0.19931271477663232,
      "B": 0.21993127147766323,
      "C": 0.19243986254295534,
      "D": 0.19931271477663232,
      "E": 0.18900343642611683
    }
  },
  "sinav_dagilim": {
    "AYT": {
      "A": 0.20051635111876076,
      "B": 0.20309810671256454,
      "C": 0.2082616179001721,
      "D": 0.20912220309810672,
      "E": 0.17900172117039587
    },
    "TYT": {
      "A": 0.1823394495412844,
      "B": 0.20527522935779816,
      "C": 0.2006880733944954,
      "D": 0.21100917431192662,
      "E": 0.2006880733944954
    }
  },
  "ardisik": {
    "ardisik_ayni_orani": 0.13144590495449948,
    "max_ardisik_tekrar": 3,
    "kosu_dagilimi": {
      "1": 1529,
      "2": 230,
      "3": 15
    },
    "rastgele_beklenen_ardisik": 0.2
  },
  "ki_kare": {
    "stat": 3.3549655850540803,
    "kritik_0.05_df4": 9.488,
    "anlamli": false
  },
  "markov_genel": [
    [
      0.1462140992167102,
      0.20365535248041775,
      0.21148825065274152,
      0.22715404699738903,
      0.21148825065274152
    ],
    [
      0.19306930693069307,
      0.12871287128712872,
      0.2301980198019802,
      0.23267326732673269,
      0.21534653465346534
    ],
    [
      0.21568627450980393,
      0.22058823529411764,
      0.14950980392156862,
      0.21568627450980393,
      0.19852941176470587
    ],
    [
      0.20048309178743962,
      0.21980676328502416,
      0.24154589371980675,
      0.13526570048309178,
      0.2028985507246377
    ],
    [
      0.21138211382113822,
      0.24661246612466126,
      0.2005420054200542,
      0.24661246612466126,
      0.0948509485094851
    ]
  ],
  "markov_ders": {
    "Sosyal2": [
      [
        0.15873015873015872,
        0.19047619047619047,
        0.23809523809523808,
        0.2222222222222222,
        0.19047619047619047
      ],
      [
        0.22388059701492538,
        0.22388059701492538,
        0.1791044776119403,
        0.22388059701492538,
        0.14925373134328357
      ],
      [
        0.14516129032258066,
        0.1935483870967742,
        0.1774193548387097,
        0.24193548387096775,
        0.24193548387096775
      ],
      [
        0.23529411764705882,
        0.23529411764705882,
        0.19117647058823528,
        0.1323529411764706,
        0.20588235294117646
      ],
      [
        0.18181818181818182,
        0.2545454545454545,
        0.2,
        0.2909090909090909,
        0.07272727272727272
      ]
    ],
    "Matematik": [
      [
        0.1346153846153846,
        0.25,
        0.18269230769230768,
        0.22115384615384615,
        0.21153846153846154
      ],
      [
        0.2033898305084746,
        0.1440677966101695,
        0.2288135593220339,
        0.23728813559322035,
        0.1864406779661017
      ],
      [
        0.18018018018018017,
        0.24324324324324326,
        0.18018018018018017,
        0.2072072072072072,
        0.1891891891891892
      ],
      [
        0.21052631578947367,
        0.21929824561403508,
        0.2631578947368421,
        0.11403508771929824,
        0.19298245614035087
      ],
      [
        0.20408163265306123,
        0.25510204081632654,
        0.19387755102040816,
        0.2653061224489796,
        0.08163265306122448
      ]
    ],
    "Fen": [
      [
        0.13157894736842105,
        0.23684210526315788,
        0.17105263157894737,
        0.25,
        0.21052631578947367
      ],
      [
        0.20481927710843373,
        0.10843373493975904,
        0.18072289156626506,
        0.24096385542168675,
        0.26506024096385544
      ],
      [
        0.2289156626506024,
        0.25301204819277107,
        0.1686746987951807,
        0.1566265060240964,
        0.1927710843373494
      ],
      [
        0.18181818181818182,
        0.20454545454545456,
        0.22727272727272727,
        0.20454545454545456,
        0.18181818181818182
      ],
      [
        0.19736842105263158,
        0.18421052631578946,
        0.23684210526315788,
        0.25,
        0.13157894736842105
      ]
    ],
    "Edebiyat-Sosyal1": [
      [
        0.18032786885245902,
        0.16393442622950818,
        0.2459016393442623,
        0.19672131147540983,
        0.21311475409836064
      ],
      [
        0.13333333333333333,
        0.022222222222222223,
        0.35555555555555557,
        0.26666666666666666,
        0.2222222222222222
      ],
      [
        0.3230769230769231,
        0.13846153846153847,
        0.07692307692307693,
        0.2153846153846154,
        0.24615384615384617
      ],
      [
        0.21568627450980393,
        0.19607843137254902,
        0.29411764705882354,
        0.0784313725490196,
        0.21568627450980393
      ],
      [
        0.23529411764705882,
        0.2549019607843137,
        0.2549019607843137,
        0.17647058823529413,
        0.0784313725490196
      ]
    ],
    "Sosyal": [
      [
        0.14814814814814814,
        0.07407407407407407,
        0.3333333333333333,
        0.14814814814814814,
        0.2962962962962963
      ],
      [
        0.2,
        0.14285714285714285,
        0.17142857142857143,
        0.22857142857142856,
        0.2571428571428571
      ],
      [
        0.2571428571428571,
        0.2571428571428571,
        0.11428571428571428,
        0.2,
        0.17142857142857143
      ],
      [
        0.17647058823529413,
        0.2647058823529412,
        0.23529411764705882,
        0.14705882352941177,
        0.17647058823529413
      ],
      [
        0.1111111111111111,
        0.3055555555555556,
        0.2222222222222222,
        0.25,
        0.1111111111111111
      ]
    ],
    "Türkçe": [
      [
        0.1346153846153846,
        0.19230769230769232,
        0.19230769230769232,
        0.28846153846153844,
        0.19230769230769232
      ],
      [
        0.16071428571428573,
        0.08928571428571429,
        0.30357142857142855,
        0.19642857142857142,
        0.25
      ],
      [
        0.19230769230769232,
        0.23076923076923078,
        0.1346153846153846,
        0.3076923076923077,
        0.1346153846153846
      ],
      [
        0.1694915254237288,
        0.22033898305084745,
        0.23728813559322035,
        0.11864406779661017,
        0.2542372881355932
      ],
      [
        0.32075471698113206,
        0.2641509433962264,
        0.09433962264150944,
        0.22641509433962265,
        0.09433962264150944
      ]
    ]
  }
}